filename                1     2     3     4     5     6     7     8     9    10    11    12    13    14    15    16    pic_num  motion_thrshld average_jmp
-----------------------------------------------------------------------------------------------------------------------
seq000000.jpg  Exp  37,  80,  12,  80,     62,  80,  47,  80,     18,  80,  20,  80,      7,  80,  14,  80,    
               Avg  85,  42, 103,  59,     67,  37,  70,  53,     86,  64,  87,  79,    108,  94,  91,  40,      0,   1,   8,   5,    

seq000001.jpg  Exp  47,  80,  10,  80,    123,  80,  10,  80,     28,  80,   2,  80,     11,  80,  18,  80,    
               Avg  90,  52, 112,  61,     78,  59, 130,  86,     99,  73, 131,  97,     80,  51,  90,  51,      0,   1,   9,   3,    

seq000002.jpg  Exp  68,  80,   6,  80,     76,  62,   0,  79,     15,  80,   9,  80,     28,  80,  14,  80,    
               Avg 110,  96, 157, 122,    155, 140, 153, 132,    139, 100, 102, 104,    116, 107, 141, 107,      0,   1,  10,   2,    

seq000003.jpg  Exp   0, 240,   0,   0,      0,   0,   0,   0,      0,   0,   0,   0,      0,   0,   0,   0,    
               Avg  19,  15,  27,  17,     43,  27,   2,  25,     35,  29,   2,  21,     38,  23,  59,  73,      0,   1,  11,   1,    

seq000004.jpg  Exp   0,   0,   0, 240,      0,   0,   0,   0,      0,   0,   0,   0,      0,   0,   0,   0,    
               Avg 103,  95, 152, 144,     53,  55,  29,  18,     17,  18,  16,  16,     20,  20,  68,  37,      0,   1,  12,   1,    

seq000005.jpg  Exp   0,   0,   0,   0,      0, 240,   0,   0,      0,   0,   0,   0,      0,   0,   0,   0,    
               Avg  20,  18,  23,  17,     42,  26,   2,  24,     36,  29,  15,  21,     37,  23,  60,  71,      0,   1,  13,   1,    

seq000006.jpg  Exp   0,   0,   0,   0,      0,   0,   0, 240,      0,   0,   0,   0,      0,   0,   0,   0,    
               Avg  19,  23,  35,  23,     84,  75, 108,  44,     83,  46,  42,  29,     20,  19,  20,  16,      0,   1,  14,   1,    

seq000007.jpg  Exp   0,   0,   0,   0,      0,   0,   0,   0,      0, 240,   0,   0,      0,   0,   0,   0,    
               Avg  16,  19,  18,  17,     34,  40,  79,  28,    127,  87,  94,  64,     44,  31,  19,  18,      0,   1,  15,   1,    

seq000008.jpg  Exp   0,   0,   0,   0,      0,   0,   0,   0,      0,   0,   0, 240,      0,   0,   0,   0,    
               Avg  19,  22,  18,  17,     24,  30,  43,  20,     96,  74, 141,  97,    107,  82,  53,  43,      0,   1,  15,   1,    

seq000009.jpg  Exp   0,   0,   0,   0,      0,   0,   0,   0,      0,   0,   0,   0,      0, 240,   0,   0,    
               Avg  58,  52,  34,  24,     20,  23,  21,  16,     34,  31,  81,  54,    127, 112, 134, 108,      0,   1,  15,   1,    

seq000010.jpg  Exp   0,   0,   0,   0,      0,   0,   0,   0,      0,   0,   0,   0,      0,   0,   0, 240,    
               Avg  20,  18,  27,  18,     44,  26,   2,  24,     36,  28,   2,  22,     36,  23,  59,  70,      0,   1,  15,   1,    

seq000011.jpg  Exp   0, 240,   0,   0,      0,   0,   0,   0,      0,   0,   0,   0,      0,   0,   0,   0,    
               Avg  18,  17,  27,  16,     44,  26,   2,  24,     35,  28,   2,  21,     38,  21,  59,  72,      0,   1,  15,   1,    

seq000012.jpg  Exp   0,   0,   0, 240,      0,   0,   0,   0,      0,   0,   0,   0,      0,   0,   0,   0,    
               Avg  49,  35,  46,  86,     18,  24,  17,  25,     41,  27,  16,  24,     39,  28,  38,  20,      0,   1,  15,   1,    

seq000013.jpg  Exp   0,   0,   0,   0,      0, 240,   0,   0,      0,   0,   0,   0,      0,   0,   0,   0,    
               Avg  20,  18,  22,  17,     42,  25,   2,  23,     35,  28,   2,  20,     38,  21,  58,  72,      0,   1,  15,   1,    

seq000014.jpg  Exp   0,   0,   0,   0,      0,   0,   0, 240,      0,   0,   0,   0,      0,   0,   0,   0,    
               Avg  19,  17,  30,  17,     24,  19,  38,  24,     41,  20,  21,  21,     44,  25,  62,  76,      0,   1,  15,   1,    

seq000015.jpg  Exp   0,   0,   0,   0,      0,   0,   0,   0,      0, 240,   0,   0,      0,   0,   0,   0,    
               Avg  19,  19,  24,  19,     15,  16,  29,  21,     31,  29,  28,  47,     21,  33,  61,  74,      0,   1,  15,   1,    

seq000016.jpg  Exp   0,   0,   0,   0,      0,   0,   0,   0,      0,   0,   0, 240,      0,   0,   0,   0,    
               Avg  22,  19,  24,  18,     30,  21,  33,  19,     25,  24,  35,  45,     35,  56,  33,  20,      0,   1,  15,   1,    

seq000017.jpg  Exp   0,   0,   0,   0,      0,   0,   0,   0,      0,   0,   0,   0,      0, 240,   0,   0,    
               Avg  33,  22,  18,  18,     43,  26,   2,  24,     24,  17,  21,  25,     36,  42,  57,  29,      0,   1,  15,   1,    

seq000018.jpg  Exp   0,   0,   0,   0,      0,   0,   0,   0,      0,   0,   0,   0,      0,   0,   0, 240,    
               Avg  20,  16,  27,  18,     41,  26,   2,  24,     35,  28,   2,  21,     37,  22,  59,  73,      0,   1,  15,   1,    

